001110010110010101100100001101110110001000110010
001100010011100001100110001100110011010000110000
001100100011001100110111001101100110011000110000
011001000011001001100110001101110011011101100010
001110000011100100110000001110010011001100110111
001100000011010000110101001100010011010101100110
001101100011100001100110001110000011001000111000
001101010011011101100110001100010011011101100011
001110010110001001100001001110000110010001100011
001101000011001100110100001110000110010101100011
0110011000111000001100010110011000001010
