011001000110011001100100011001000011100000110110
001100100110001100110111011001010011010000110111
001100000011001100110100011001000011001001100001
011001100011000100110000011000110011001000110100
011000100110010000110011001110010011010000110011
001100100110010100110110001100110110000101100010
011001010110010001100100001101010110010001100100
001101000110010000110100011000010011011100110100
001101100011001000111000011001100110010101100100
011000100011011001100011011000110110011001100010
0110010100110101001110000011010100001010
